1	333
1	538
1	580
2	332
2	345
2	424
3	69
3	265
3	327
4	46
4	166
4	327
5	100
5	198
5	571
6	41
6	253
6	496
7	297
7	485
7	644
8	490
8	544
8	645
9	79
9	520
9	649
10	157
10	197
10	310
11	268
11	371
11	484
12	534
12	571
12	607
13	108
13	161
13	465
14	294
14	579
14	628
15	276
15	379
15	634
16	173
16	185
16	237
17	125
17	390
17	520
18	283
18	506
18	554
19	220
19	257
19	578
20	470
20	586
20	613
21	175
21	417
21	535
22	317
22	419
22	463
23	396
23	604
23	648
24	419
24	539
24	606
25	444
25	567
25	594
26	251
26	601
26	623
27	212
27	343
27	400
28	48
28	546
29	145
29	545
29	629
30	111
30	482
30	561
31	508
31	576
31	614
32	473
32	615
32	638
33	100
33	440
33	534
34	54
34	262
34	512
35	313
35	437
35	581
36	227
36	443
36	625
37	131
37	563
38	364
38	405
38	584
39	271
39	534
39	622
40	74
40	95
40	146
41	6
41	624
41	633
42	61
42	308
42	526
43	268
43	591
43	595
44	429
44	601
44	634
45	195
45	236
45	245
46	4
46	212
46	554
47	191
47	329
47	638
48	28
48	207
48	546
49	393
49	640
49	645
50	440
50	534
50	607
51	244
51	466
51	524
52	335
52	439
52	522
53	94
53	125
53	573
54	34
54	560
54	621
55	400
55	484
55	623
56	428
56	471
56	630
57	522
57	588
57	629
58	232
58	265
58	619
59	310
59	407
59	529
60	102
60	231
60	605
61	42
61	65
61	250
62	256
62	549
62	615
63	164
63	210
63	484
64	303
64	508
64	598
65	61
65	490
65	589
66	226
66	523
66	537
67	143
67	339
67	384
68	204
68	558
68	582
69	3
69	517
69	614
70	327
70	498
70	591
71	107
71	527
71	565
72	172
72	604
72	613
73	479
73	538
73	540
74	40
74	486
74	487
75	91
75	267
75	427
76	399
76	455
76	514
77	212
77	457
77	591
78	322
78	530
78	561
79	9
79	426
79	621
80	185
80	205
80	588
81	202
81	421
81	512
82	150
82	264
82	406
83	368
83	617
83	625
84	504
84	575
84	578
85	216
85	218
85	401
86	495
86	544
86	645
87	361
87	444
87	635
88	354
88	408
88	526
89	167
89	507
89	569
90	478
90	572
90	610
91	75
91	483
91	495
92	424
92	516
92	582
93	250
93	562
93	590
94	53
94	467
94	555
95	40
95	256
95	487
96	315
96	340
96	615
97	275
97	293
97	620
98	429
98	498
98	619
99	372
99	535
99	568
100	5
100	33
100	445
101	536
101	552
101	556
102	60
102	263
102	504
103	480
103	535
103	618
104	295
104	456
104	608
105	233
105	304
105	547
106	334
106	515
106	528
107	71
107	489
107	562
108	13
108	183
108	602
109	470
109	574
109	647
110	348
110	429
110	634
111	30
111	321
111	605
112	135
112	214
112	395
113	359
113	526
113	565
114	123
114	139
114	515
115	522
115	548
115	588
116	204
116	345
116	474
117	452
117	514
117	567
118	326
118	527
118	645
119	161
119	386
119	537
120	246
120	385
120	543
121	154
121	487
121	626
122	209
122	227
122	378
123	114
123	219
123	434
124	447
124	568
124	646
125	17
125	53
125	647
126	161
126	492
126	504
127	280
127	522
127	545
128	473
128	567
128	597
129	523
129	578
129	584
130	512
130	647
130	648
131	37
131	465
131	585
132	217
132	410
132	585
133	298
133	534
133	607
134	408
134	616
134	643
135	112
135	304
135	545
136	430
136	601
136	623
137	187
137	431
137	472
138	210
138	215
138	595
139	114
139	472
139	558
140	266
140	442
140	541
141	437
141	511
141	538
142	181
142	547
142	579
143	67
143	206
143	580
144	614
144	633
144	646
145	29
145	439
145	557
146	40
146	452
146	635
147	597
147	599
147	610
148	362
148	394
148	433
149	347
149	556
149	637
150	82
150	380
150	540
151	180
151	303
151	412
152	508
152	627
152	633
153	343
153	398
153	450
154	121
154	399
154	478
155	162
155	524
155	569
156	352
156	441
156	560
157	10
157	171
157	642
158	362
158	368
158	644
159	308
159	565
159	589
160	403
160	514
160	597
161	13
161	119
161	126
162	155
162	313
162	571
163	495
163	589
163	616
164	63
164	430
164	484
165	560
165	647
165	648
166	4
166	343
166	456
167	89
167	333
167	406
168	562
168	616
168	640
169	224
169	352
169	649
170	380
170	502
170	571
171	157
171	208
171	439
172	72
172	630
172	648
173	16
173	397
173	628
174	226
174	364
174	596
175	21
175	366
175	627
176	233
176	522
176	579
177	253
177	513
177	624
178	223
178	391
178	624
179	385
179	465
179	563
180	151
180	258
180	624
181	142
181	304
181	446
182	271
182	445
182	540
183	108
183	482
183	563
184	238
184	481
184	644
185	16
185	80
185	415
186	406
186	538
186	580
187	137
187	464
187	641
188	434
188	516
188	641
189	401
189	454
189	459
190	381
190	452
190	486
191	47
191	239
191	635
192	274
192	440
192	524
193	300
193	536
193	637
194	385
194	584
194	602
195	45
195	297
195	559
196	373
196	524
196	607
197	10
197	531
197	548
198	5
198	349
198	511
199	282
199	336
199	455
200	587
200	598
200	627
201	213
201	492
201	585
202	81
202	574
202	639
203	374
203	416
203	501
204	68
204	116
204	521
205	80
205	407
205	629
206	143
206	229
206	581
207	48
207	284
207	489
208	171
208	234
208	529
209	122
209	454
209	617
210	63
210	138
210	276
211	455
211	599
211	615
212	27
212	46
212	77
213	201
213	530
213	602
214	112
214	557
214	588
215	138
215	456
215	475
216	85
216	227
216	644
217	132
217	364
217	530
218	85
218	419
218	454
219	123
219	472
219	552
220	19
220	492
220	584
221	419
221	469
221	644
222	444
222	500
222	532
223	178
223	513
223	551
224	169
224	382
224	650
225	301
225	470
225	555
226	66
226	174
226	458
227	36
227	122
227	216
228	604
228	611
228	639
229	206
229	380
229	502
229	622
230	332
230	334
230	363
230	636
231	60
231	386
231	482
231	602
232	58
232	475
232	623
232	634
233	105
233	176
233	304
233	579
234	208
234	389
234	541
234	642
235	355
235	432
235	492
235	602
236	45
236	419
236	420
236	497
237	16
237	252
237	280
237	612
238	184
238	362
238	454
238	644
239	191
239	256
239	337
239	610
240	334
240	341
240	474
240	488
241	505
241	576
241	618
241	646
242	441
242	460
242	586
242	650
243	296
243	325
243	347
243	558
244	51
244	264
244	339
244	466
245	45
245	392
245	402
245	509
246	120
246	458
246	530
246	605
247	459
247	518
247	553
247	625
248	410
248	482
248	561
248	596
249	477
249	517
249	587
249	632
250	61
250	93
250	542
250	589
251	26
251	295
251	595
251	601
252	237
252	266
252	415
252	446
253	6
253	177
253	417
253	447
254	309
254	483
254	489
254	590
255	473
255	478
255	549
255	631
256	62
256	95
256	239
256	503
257	19
257	263
257	277
257	537
258	180
258	453
258	570
258	598
259	312
259	377
259	408
259	565
260	327
260	400
260	554
260	619
261	479
261	511
261	577
261	581
262	34
262	460
262	468
262	630
263	102
263	257
263	575
263	584
264	82
264	244
264	380
264	581
265	3
265	58
265	348
265	608
266	140
266	252
266	310
266	642
267	75
267	279
267	427
267	643
268	11
268	43
268	450
268	619
269	499
269	528
269	558
269	566
270	330
270	405
270	561
270	602
271	39
271	182
271	305
271	622
272	423
272	474
272	519
272	552
273	553
273	617
273	625
273	644
274	192
274	333
274	577
274	622
275	97
275	291
275	309
275	546
276	15
276	210
276	484
276	601
277	257
277	543
277	563
277	596
278	519
278	556
278	566
278	592
279	267
279	289
279	483
279	490
280	127
280	237
280	389
280	446
281	312
281	542
281	589
281	616
282	199
282	452
282	487
282	532
283	18
283	346
283	595
283	623
284	207
284	312
284	495
284	565
285	373
285	380
285	384
285	622
286	305
286	436
286	445
286	622
287	439
287	442
287	603
287	642
288	474
288	499
288	533
288	582
289	279
289	359
289	495
289	600
290	341
290	434
290	515
290	609
291	275
291	358
291	483
291	643
292	430
292	456
292	506
292	595
293	97
293	527
293	542
293	645
294	14
294	395
294	529
294	628
295	104
295	251
295	608
295	623
296	243
296	347
296	521
296	533
297	7
297	195
297	376
297	518
298	133
298	339
298	466
298	577
299	449
299	496
299	517
299	550
300	193
300	363
300	510
300	533
301	225
301	555
301	639
301	650
302	401
302	402
302	485
302	497
303	64
303	151
303	550
303	632
304	105
304	135
304	181
304	233
305	271
305	286
305	534
305	569
306	429
306	484
306	506
306	525
307	372
307	453
307	513
307	627
308	42
308	159
308	495
308	600
309	254
309	275
309	565
309	620
310	10
310	59
310	266
310	593
311	415
311	531
311	547
311	588
312	259
312	281
312	284
312	600
313	35
313	162
313	511
313	607
314	391
314	422
314	550
314	632
315	96
315	331
315	455
315	615
316	412
316	438
316	570
316	632
317	22
317	401
317	481
317	553
318	494
318	556
318	566
318	641
319	375
319	394
319	463
319	617
320	346
320	457
320	475
320	608
321	111
321	561
321	563
321	585
322	78
322	543
322	596
322	602
323	369
323	413
323	621
323	647
324	432
324	465
324	585
324	596
325	243
325	464
325	566
325	637
326	118
326	565
326	620
326	640
327	3
327	4
327	70
327	260
328	418
328	421
328	512
328	604
329	47
329	452
329	473
329	626
330	270
330	364
330	410
330	578
331	315
331	381
331	478
331	500
332	2
332	230
332	636
332	637
333	1
333	167
333	274
333	445
334	106
334	230
334	240
334	592
335	52
335	531
335	593
335	603
335	629
336	199
336	361
336	444
336	486
336	514
337	239
337	478
337	549
337	599
337	631
338	358
338	490
338	495
338	544
338	640
339	67
339	244
339	298
339	507
339	569
340	96
340	365
340	610
340	615
340	631
341	240
341	290
341	464
341	474
341	636
342	415
342	529
342	545
342	579
342	642
343	27
343	153
343	166
343	379
343	634
344	398
344	525
344	554
344	591
344	623
345	2
345	116
345	536
345	566
345	609
346	283
346	320
346	398
346	498
346	634
347	149
347	243
347	296
347	474
347	637
348	110
348	265
348	484
348	595
348	634
349	198
349	437
349	479
349	540
349	571
350	409
350	422
350	477
350	598
350	632
351	422
351	517
351	550
351	568
351	576
352	156
352	169
352	356
352	611
352	613
353	404
353	462
353	480
353	576
353	633
354	88
354	427
354	483
354	542
354	544
355	235
355	432
355	504
355	523
355	575
356	352
356	413
356	418
356	611
356	639
357	413
357	468
357	476
357	573
357	648
358	291
358	338
358	393
358	600
358	645
359	113
359	289
359	590
359	643
359	645
360	378
360	402
360	497
360	625
360	644
361	87
361	336
361	500
361	583
361	626
362	148
362	158
362	238
362	485
362	501
363	230
363	300
363	609
363	636
363	637
364	38
364	174
364	217
364	330
364	605
365	340
365	478
365	503
365	532
365	549
366	175
366	372
366	422
366	618
366	624
367	390
367	396
367	460
367	573
367	613
368	83
368	158
368	401
368	443
368	485
369	323
369	611
369	647
369	648
369	649
370	433
370	481
370	497
370	606
370	644
371	11
371	591
371	601
371	619
371	634
372	99
372	307
372	366
372	477
372	633
373	196
373	285
373	466
373	540
373	622
374	203
374	518
374	539
374	553
374	606
375	319
375	442
375	454
375	463
375	497
376	297
376	392
376	420
376	564
376	606
377	259
377	542
377	620
377	643
377	645
378	122
378	360
378	433
378	559
378	606
379	15
379	343
379	450
379	457
379	619
380	150
380	170
380	229
380	264
380	285
381	190
381	331
381	451
381	626
381	635
382	224
382	428
382	467
382	476
382	613
383	424
383	521
383	556
383	609
383	636
384	67
384	285
384	524
384	571
384	577
385	120
385	179
385	194
385	465
385	596
386	119
386	231
386	410
386	458
386	530
387	392
387	433
387	485
387	539
387	564
388	403
388	451
388	594
388	626
388	638
389	234
389	280
389	529
389	593
389	629
390	17
390	367
390	611
390	621
390	630
391	178
391	314
391	598
391	632
391	633
392	245
392	376
392	387
392	481
392	606
393	49
393	358
393	408
393	640
393	645
394	148
394	319
394	416
394	501
394	625
395	112
395	294
395	411
395	541
395	547
396	23
396	367
396	413
396	460
396	648
397	173
397	531
397	593
397	603
397	628
398	153
398	344
398	346
398	429
398	608
399	76
399	154
399	444
399	572
399	638
400	27
400	55
400	260
400	475
400	623
401	85
401	189
401	302
401	317
401	368
402	245
402	302
402	360
402	459
402	625
403	160
403	388
403	473
403	583
403	631
404	353
404	477
404	568
404	598
404	614
405	38
405	270
405	482
405	563
405	605
406	82
406	167
406	186
406	445
406	540
406	580
407	59
407	205
407	529
407	548
407	557
407	642
408	88
408	134
408	259
408	393
408	546
408	620
409	350
409	417
409	462
409	505
409	618
409	627
410	132
410	248
410	330
410	386
410	543
410	575
411	395
411	439
411	491
411	541
411	579
411	612
412	151
412	316
412	551
412	570
412	627
412	632
413	323
413	356
413	357
413	396
413	574
413	650
414	572
414	594
414	597
414	626
414	631
414	638
415	185
415	252
415	311
415	342
415	491
415	629
416	203
416	394
416	443
416	459
416	509
416	518
417	21
417	253
417	409
417	422
417	438
417	614
418	328
418	356
418	441
418	476
418	574
418	611
419	22
419	24
419	218
419	221
419	236
419	539
420	236
420	376
420	454
420	509
420	606
420	644
421	81
421	328
421	468
421	621
421	630
421	650
422	314
422	350
422	351
422	366
422	417
422	508
423	272
423	464
423	528
423	558
423	582
423	636
424	2
424	92
424	383
424	521
424	552
424	636
425	459
425	463
425	501
425	518
425	553
425	617
426	79
426	586
426	621
426	639
426	648
426	649
427	75
427	267
427	354
427	490
427	565
427	616
428	56
428	382
428	441
428	555
428	574
428	647
429	44
429	98
429	110
429	306
429	398
429	493
430	136
430	164
430	292
430	498
430	554
430	591
431	137
431	434
431	464
431	472
431	582
431	641
432	235
432	324
432	355
432	523
432	561
432	605
433	148
433	370
433	378
433	387
433	553
433	564
434	123
434	188
434	290
434	431
434	461
434	533
435	544
435	546
435	600
435	616
435	620
435	640
436	286
436	502
436	507
436	540
436	569
436	607
437	35
437	141
437	349
437	538
437	571
437	580
438	316
438	417
438	505
438	568
438	618
438	646
439	52
439	145
439	171
439	287
439	411
439	628
440	33
440	50
440	192
440	502
440	524
440	607
441	156
441	242
441	418
441	428
441	604
441	639
442	140
442	287
442	375
442	446
442	491
442	531
443	36
443	368
443	416
443	559
443	606
443	617
444	25
444	87
444	222
444	336
444	399
444	486
445	100
445	182
445	286
445	333
445	406
445	622
446	181
446	252
446	280
446	442
446	522
446	557
447	124
447	253
447	480
447	587
447	624
447	632
448	461
448	488
448	533
448	556
448	558
448	566
449	299
449	462
449	513
449	551
449	614
449	633
450	153
450	268
450	379
450	475
450	506
450	634
451	381
451	388
451	486
451	572
451	599
451	638
452	117
452	146
452	190
452	282
452	329
452	549
453	258
453	307
453	462
453	618
453	624
453	646
454	189
454	209
454	218
454	238
454	375
454	420
455	76
455	199
455	211
455	315
455	473
455	532
456	104
456	166
456	215
456	292
456	493
456	498
457	77
457	320
457	379
457	475
457	498
457	591
458	226
458	246
458	386
458	537
458	563
458	585
459	189
459	247
459	402
459	416
459	425
459	501
460	242
460	262
460	367
460	396
460	476
460	574
461	434
461	448
461	515
461	528
461	536
461	641
462	353
462	409
462	449
462	453
462	477
462	496
463	22
463	319
463	375
463	425
463	564
463	644
464	187
464	325
464	341
464	423
464	431
464	641
465	13
465	131
465	179
465	324
465	385
465	605
466	51
466	244
466	298
466	373
466	479
466	534
467	94
467	382
467	560
467	647
467	649
467	650
468	262
468	357
468	421
468	560
468	611
468	647
469	221
469	509
469	518
469	539
469	559
469	564
470	20
470	109
470	225
470	476
470	560
470	613
471	56
471	520
471	586
471	613
471	639
471	650
472	137
472	139
472	219
472	431
472	519
472	521
472	636
473	32
473	128
473	255
473	329
473	403
473	455
473	626
474	116
474	240
474	272
474	288
474	341
474	347
474	488
475	215
475	232
475	320
475	400
475	450
475	457
475	525
476	357
476	382
476	418
476	460
476	470
476	574
476	604
477	249
477	350
477	372
477	404
477	462
477	551
477	633
478	90
478	154
478	255
478	331
478	337
478	365
478	503
479	73
479	261
479	349
479	466
479	502
479	538
479	580
480	103
480	353
480	447
480	505
480	614
480	624
480	627
481	184
481	317
481	370
481	392
481	559
481	617
481	625
482	30
482	183
482	231
482	248
482	405
482	530
482	602
483	91
483	254
483	279
483	291
483	354
483	590
483	643
484	11
484	55
484	63
484	164
484	276
484	306
484	348
485	7
485	302
485	362
485	368
485	387
485	509
485	617
486	74
486	190
486	336
486	444
486	451
486	594
486	638
487	74
487	95
487	121
487	282
487	532
487	610
487	626
488	240
488	448
488	474
488	494
488	515
488	516
488	528
489	107
489	207
489	254
489	490
489	600
489	616
489	620
490	8
490	65
490	279
490	338
490	427
490	489
490	526
491	411
491	415
491	442
491	547
491	603
491	612
491	628
492	126
492	201
492	220
492	235
492	504
492	537
492	575
493	429
493	456
493	525
493	595
493	608
493	623
493	634
494	318
494	488
494	521
494	566
494	609
494	636
494	637
495	86
495	91
495	163
495	284
495	289
495	308
495	338
496	6
496	299
496	462
496	570
496	587
496	598
496	618
497	236
497	302
497	360
497	370
497	375
497	539
497	606
498	70
498	98
498	346
498	430
498	456
498	457
498	619
499	269
499	288
499	516
499	536
499	592
499	609
499	637
500	222
500	331
500	361
500	567
500	572
500	594
500	597
501	203
501	362
501	394
501	425
501	459
501	539
501	617
502	170
502	229
502	436
502	440
502	479
502	507
502	577
503	256
503	365
503	478
503	514
503	532
503	610
503	631
504	84
504	102
504	126
504	355
504	492
504	543
504	596
505	241
505	409
505	438
505	480
505	624
505	632
505	646
506	18
506	292
506	306
506	450
506	525
506	591
506	595
507	89
507	339
507	436
507	502
507	511
507	569
507	571
508	31
508	64
508	152
508	422
508	517
508	550
508	568
509	245
509	416
509	420
509	469
509	485
509	553
509	625
510	300
510	515
510	552
510	609
510	636
510	637
510	641
511	141
511	198
511	261
511	313
511	507
511	580
511	622
512	34
512	81
512	130
512	328
512	573
512	604
512	639
513	177
513	223
513	307
513	449
513	551
513	576
513	618
514	76
514	117
514	160
514	336
514	503
514	631
514	635
515	106
515	114
515	290
515	461
515	488
515	510
515	552
516	92
516	188
516	488
516	499
516	528
516	533
516	592
517	69
517	249
517	299
517	351
517	508
517	618
517	632
518	247
518	297
518	374
518	416
518	425
518	469
518	564
519	272
519	278
519	472
519	533
519	556
519	592
519	641
520	9
520	17
520	471
520	573
520	630
520	649
520	650
521	204
521	296
521	383
521	424
521	472
521	494
521	533
522	52
522	57
522	115
522	127
522	176
522	446
522	545
522	548
523	66
523	129
523	355
523	432
523	537
523	543
523	585
523	602
524	51
524	155
524	192
524	196
524	384
524	440
524	571
524	577
525	306
525	344
525	475
525	493
525	506
525	591
525	601
525	619
526	42
526	88
526	113
526	490
526	544
526	640
526	643
526	645
527	71
527	118
527	293
527	562
527	590
527	616
527	620
527	645
528	106
528	269
528	423
528	461
528	488
528	516
528	582
528	636
529	59
529	208
529	294
529	342
529	389
529	407
529	557
529	603
530	78
530	213
530	217
530	246
530	386
530	482
530	584
530	585
531	197
531	311
531	335
531	397
531	442
531	547
531	612
531	629
532	222
532	282
532	365
532	455
532	487
532	503
532	572
532	597
533	288
533	296
533	300
533	434
533	448
533	516
533	519
533	521
534	12
534	33
534	39
534	50
534	133
534	305
534	466
534	581
535	21
535	99
535	103
535	550
535	570
535	598
535	624
535	646
536	101
536	193
536	345
536	461
536	499
536	566
536	609
536	641
537	66
537	119
537	257
537	458
537	492
537	523
537	578
537	605
538	1
538	73
538	141
538	186
538	437
538	479
538	540
538	581
539	24
539	374
539	387
539	419
539	469
539	497
539	501
539	559
540	73
540	150
540	182
540	349
540	373
540	406
540	436
540	538
541	140
541	234
541	395
541	411
541	588
541	612
541	628
541	642
542	250
542	281
542	293
542	354
542	377
542	546
542	600
542	640
543	120
543	277
543	322
543	410
543	504
543	523
543	575
543	578
544	8
544	86
544	338
544	354
544	435
544	526
544	600
544	620
545	29
545	127
545	135
545	342
545	522
545	588
545	593
545	629
546	28
546	48
546	275
546	408
546	435
546	542
546	589
546	643
547	105
547	142
547	311
547	395
547	491
547	531
547	548
547	628
548	115
548	197
548	407
548	522
548	547
548	579
548	593
548	629
549	62
549	255
549	337
549	365
549	452
549	567
549	597
549	615
550	299
550	303
550	314
550	351
550	508
550	535
550	570
550	627
551	223
551	412
551	449
551	477
551	513
551	568
551	598
551	632
552	101
552	219
552	272
552	424
552	510
552	515
552	592
552	641
553	247
553	273
553	317
553	374
553	425
553	433
553	509
553	644
554	18
554	46
554	260
554	344
554	430
554	601
554	619
554	623
555	94
555	225
555	301
555	428
555	573
555	574
555	613
555	648
556	101
556	149
556	278
556	318
556	383
556	448
556	519
556	637
557	145
557	214
557	407
557	446
557	529
557	603
557	612
557	629
558	68
558	139
558	243
558	269
558	423
558	448
558	566
558	592
559	195
559	378
559	443
559	469
559	481
559	539
559	564
559	644
560	54
560	156
560	165
560	467
560	468
560	470
560	630
560	649
561	30
561	78
561	248
561	270
561	321
561	432
561	578
561	605
562	93
562	107
562	168
562	527
562	590
562	616
562	640
562	645
563	37
563	179
563	183
563	277
563	321
563	405
563	458
563	575
564	376
564	387
564	433
564	463
564	469
564	518
564	559
564	625
565	71
565	113
565	159
565	259
565	284
565	309
565	326
565	427
565	640
566	269
566	278
566	318
566	325
566	345
566	448
566	494
566	536
566	558
567	25
567	117
567	128
567	500
567	549
567	583
567	594
567	626
567	635
568	99
568	124
568	351
568	404
568	438
568	508
568	551
568	614
568	646
569	89
569	155
569	305
569	339
569	436
569	507
569	577
569	581
569	607
570	258
570	316
570	412
570	496
570	535
570	550
570	576
570	624
570	646
571	5
571	12
571	162
571	170
571	349
571	384
571	437
571	507
571	524
572	90
572	399
572	414
572	451
572	500
572	532
572	631
572	635
572	638
573	53
573	357
573	367
573	512
573	520
573	555
573	630
573	647
573	649
574	109
574	202
574	413
574	418
574	428
574	460
574	476
574	555
574	650
575	84
575	263
575	355
575	410
575	492
575	543
575	563
575	596
575	605
576	31
576	241
576	351
576	353
576	513
576	570
576	587
576	614
576	633
577	261
577	274
577	298
577	384
577	502
577	524
577	569
577	607
577	622
578	19
578	84
578	129
578	330
578	537
578	543
578	561
578	584
578	602
579	14
579	142
579	176
579	233
579	342
579	411
579	548
579	593
579	603
580	1
580	143
580	186
580	406
580	437
580	479
580	511
580	581
580	622
581	35
581	206
581	261
581	264
581	534
581	538
581	569
581	580
581	607
582	68
582	92
582	288
582	423
582	431
582	528
582	609
582	637
582	641
583	361
583	403
583	567
583	597
583	599
583	610
583	631
583	635
583	638
584	38
584	129
584	194
584	220
584	263
584	530
584	578
584	585
584	596
585	131
585	132
585	201
585	321
585	324
585	458
585	523
585	530
585	584
586	20
586	242
586	426
586	471
586	604
586	621
586	630
586	639
586	648
587	200
587	249
587	447
587	496
587	576
587	598
587	614
587	627
587	633
588	57
588	80
588	115
588	214
588	311
588	541
588	545
588	603
588	642
589	65
589	159
589	163
589	250
589	281
589	546
589	590
589	640
589	643
590	93
590	254
590	359
590	483
590	527
590	562
590	589
590	616
590	643
591	43
591	70
591	77
591	344
591	371
591	430
591	457
591	506
591	525
592	278
592	334
592	499
592	516
592	519
592	552
592	558
592	637
592	641
593	310
593	335
593	389
593	397
593	545
593	548
593	579
593	612
593	642
594	25
594	388
594	414
594	486
594	500
594	567
594	597
594	599
594	610
595	43
595	138
595	251
595	283
595	292
595	348
595	493
595	506
595	608
596	174
596	248
596	277
596	322
596	324
596	385
596	504
596	575
596	584
597	128
597	147
597	160
597	414
597	500
597	532
597	549
597	583
597	594
597	615
598	64
598	200
598	258
598	350
598	391
598	404
598	496
598	535
598	551
598	587
599	147
599	211
599	337
599	451
599	583
599	594
599	610
599	615
599	635
599	638
600	289
600	308
600	312
600	358
600	435
600	489
600	542
600	544
600	616
600	643
601	26
601	44
601	136
601	251
601	276
601	371
601	525
601	554
601	608
601	623
602	108
602	194
602	213
602	231
602	235
602	270
602	322
602	482
602	523
602	578
603	287
603	335
603	397
603	491
603	529
603	557
603	579
603	588
603	612
603	642
604	23
604	72
604	228
604	328
604	441
604	476
604	512
604	586
604	639
604	648
605	60
605	111
605	246
605	364
605	405
605	432
605	465
605	537
605	561
605	575
606	24
606	370
606	374
606	376
606	378
606	392
606	420
606	443
606	497
606	617
607	12
607	50
607	133
607	196
607	313
607	436
607	440
607	569
607	577
607	581
608	104
608	265
608	295
608	320
608	398
608	493
608	595
608	601
608	619
608	634
609	290
609	345
609	363
609	383
609	494
609	499
609	510
609	536
609	582
609	636
610	90
610	147
610	239
610	340
610	487
610	503
610	583
610	594
610	599
610	635
611	228
611	352
611	356
611	369
611	390
611	418
611	468
611	648
611	649
611	650
612	237
612	411
612	491
612	531
612	541
612	557
612	593
612	603
612	628
612	642
613	20
613	72
613	352
613	367
613	382
613	470
613	471
613	555
613	621
613	630
613	649
614	31
614	69
614	144
614	404
614	417
614	449
614	480
614	568
614	576
614	587
614	646
615	32
615	62
615	96
615	211
615	315
615	340
615	549
615	597
615	599
615	626
615	635
616	134
616	163
616	168
616	281
616	427
616	435
616	489
616	527
616	562
616	590
616	600
617	83
617	209
617	273
617	319
617	425
617	443
617	481
617	485
617	501
617	606
617	625
618	103
618	241
618	366
618	409
618	438
618	453
618	496
618	513
618	517
618	627
618	646
619	58
619	98
619	260
619	268
619	371
619	379
619	498
619	525
619	554
619	608
619	634
620	97
620	309
620	326
620	377
620	408
620	435
620	489
620	527
620	544
620	643
620	645
621	54
621	79
621	323
621	390
621	421
621	426
621	586
621	613
621	639
621	647
621	650
622	39
622	229
622	271
622	274
622	285
622	286
622	373
622	445
622	511
622	577
622	580
623	26
623	55
623	136
623	232
623	283
623	295
623	344
623	400
623	493
623	554
623	601
624	41
624	177
624	178
624	180
624	366
624	447
624	453
624	480
624	505
624	535
624	570
625	36
625	83
625	247
625	273
625	360
625	394
625	402
625	481
625	509
625	564
625	617
626	121
626	329
626	361
626	381
626	388
626	414
626	473
626	487
626	567
626	615
626	631
627	152
627	175
627	200
627	307
627	409
627	412
627	480
627	550
627	587
627	618
627	646
628	14
628	173
628	294
628	397
628	439
628	491
628	541
628	547
628	612
628	629
628	642
629	29
629	57
629	205
629	335
629	389
629	415
629	531
629	545
629	548
629	557
629	628
630	56
630	172
630	262
630	390
630	421
630	520
630	560
630	573
630	586
630	613
630	649
631	255
631	337
631	340
631	403
631	414
631	503
631	514
631	572
631	583
631	626
631	638
632	249
632	303
632	314
632	316
632	350
632	391
632	412
632	447
632	505
632	517
632	551
632	633
633	41
633	144
633	152
633	353
633	372
633	391
633	449
633	477
633	576
633	587
633	632
633	646
634	15
634	44
634	110
634	232
634	343
634	346
634	348
634	371
634	450
634	493
634	608
634	619
635	87
635	146
635	191
635	381
635	514
635	567
635	572
635	583
635	599
635	610
635	615
635	638
636	230
636	332
636	341
636	363
636	383
636	423
636	424
636	472
636	494
636	510
636	528
636	609
637	149
637	193
637	325
637	332
637	347
637	363
637	494
637	499
637	510
637	556
637	582
637	592
638	32
638	47
638	388
638	399
638	414
638	451
638	486
638	572
638	583
638	599
638	631
638	635
639	202
639	228
639	301
639	356
639	426
639	441
639	471
639	512
639	586
639	604
639	621
639	647
640	49
640	168
640	326
640	338
640	393
640	435
640	526
640	542
640	562
640	565
640	589
640	643
641	187
641	188
641	318
641	431
641	461
641	464
641	510
641	519
641	536
641	552
641	582
641	592
642	157
642	234
642	266
642	287
642	342
642	407
642	541
642	588
642	593
642	603
642	612
642	628
643	134
643	267
643	291
643	359
643	377
643	483
643	526
643	546
643	589
643	590
643	600
643	620
643	640
644	7
644	158
644	184
644	216
644	221
644	238
644	273
644	360
644	370
644	420
644	463
644	553
644	559
645	8
645	49
645	86
645	118
645	293
645	358
645	359
645	377
645	393
645	526
645	527
645	562
645	620
646	124
646	144
646	241
646	438
646	453
646	505
646	535
646	568
646	570
646	614
646	618
646	627
646	633
647	109
647	125
647	130
647	165
647	323
647	369
647	428
647	467
647	468
647	573
647	621
647	639
647	650
648	23
648	130
648	165
648	172
648	357
648	369
648	396
648	426
648	555
648	586
648	604
648	611
648	649
649	9
649	169
649	369
649	426
649	467
649	520
649	560
649	573
649	611
649	613
649	630
649	648
649	650
650	224
650	242
650	301
650	413
650	421
650	467
650	471
650	520
650	574
650	611
650	621
650	647
650	649
