1	36 
2	17 
3	39 
4	42 
5	26 
6	7 
7	45 
8	9 
9	36 
10	47 
11	26 
12	21 
13	30 
14	48 
15	5 
16	38 
17	32 
18	42 
19	14 
20	33 
21	17 
22	45 
23	1 
24	47 
25	40 
26	8 
27	46 
28	36 
29	3 
30	25 
31	23 
32	12 
33	37 
34	36 
35	38 
36	50 
37	25 
38	6 
39	42 
40	22 
41	11 
42	45 
43	22 
44	37 
45	24 
46	1 
47	20 
48	37 
49	10 
50	34 
51	4 
52	24 
53	22 
54	20 
55	44 
56	29 
57	35 
58	2 
59	32 
60	26 
61	35 
62	15 
63	27 
64	30 
65	23 
66	44 
67	23 
68	23 
69	10 
70	7 
71	39 
72	29 
73	5 
74	17 
75	44 
76	18 
77	24 
78	42 
79	13 
80	44 
81	32 
82	5 
83	20 
84	34 
85	18 
86	25 
87	24 
88	19 
89	41 
90	8 
91	8 
92	24 
93	2 
94	22 
95	31 
96	43 
97	40 
98	34 
99	6 
100	39 
101	16 
102	20 
103	2 
104	45 
105	26 
106	41 
107	12 
108	28 
109	47 
110	26 
111	13 
112	30 
113	50 
114	5 
115	24 
116	32 
117	25 
118	13 
119	15 
120	43 
121	24 
122	17 
123	15 
124	14 
125	34 
126	23 
127	3 
128	44 
129	12 
130	49 
131	39 
132	10 
133	16 
134	6 
135	21 
136	39 
137	33 
138	20 
139	12 
140	31 
141	25 
142	12 
143	7 
144	40 
145	15 
146	41 
147	12 
148	40 
149	24 
150	45 
151	49 
152	18 
153	46 
154	9 
155	39 
156	13 
157	48 
158	10 
159	35 
160	4 
161	38 
162	32 
163	14 
164	6 
165	34 
166	19 
167	18 
168	13 
169	7 
170	50 
171	37 
172	46 
173	42 
174	10 
175	41 
176	25 
177	34 
178	20 
179	2 
180	49 
181	6 
182	29 
183	3 
184	6 
185	38 
186	36 
187	3 
188	8 
189	16 
190	30 
191	23 
192	10 
193	31 
194	26 
195	44 
196	15 
197	11 
198	35 
199	15 
200	8 
201	17 
202	35 
203	46 
204	19 
205	42 
206	44 
207	13 
208	29 
209	45 
210	21 
211	29 
212	32 
213	8 
214	39 
215	2 
216	48 
217	20 
218	1 
219	19 
220	32 
221	48 
222	34 
223	17 
224	38 
225	34 
226	12 
227	32 
228	43 
229	5 
230	34 
231	37 
232	24 
233	5 
234	15 
235	15 
236	9 
237	4 
238	9 
239	24 
240	48 
241	26 
242	44 
243	39 
244	2 
245	45 
246	22 
247	48 
248	27 
249	10 
250	30 
251	5 
252	41 
253	26 
254	16 
255	31 
256	31 
257	8 
258	50 
259	35 
260	21 
261	28 
262	25 
263	28 
264	27 
265	47 
266	41 
267	46 
268	19 
269	13 
270	48 
271	44 
272	42 
273	40 
274	14 
275	7 
276	9 
277	39 
278	22 
279	47 
280	13 
281	45 
282	7 
283	28 
284	16 
285	42 
286	26 
287	7 
288	49 
289	28 
290	9 
291	39 
292	35 
293	2 
294	3 
295	38 
296	28 
297	39 
298	6 
299	9 
300	8 
301	41 
302	34 
303	41 
304	28 
305	1 
306	3 
307	22 
308	11 
309	7 
310	18 
311	43 
312	1 
313	14 
314	35 
315	21 
316	38 
317	27 
318	6 
319	37 
320	32 
321	25 
322	45 
323	44 
324	9 
325	3 
326	19 
327	2 
328	40 
329	35 
330	9 
331	30 
332	49 
333	50 
334	8 
335	49 
336	28 
337	10 
338	46 
339	43 
340	38 
341	7 
342	41 
343	37 
344	29 
345	16 
346	23 
347	16 
348	11 
349	14 
350	18 
351	11 
352	18 
353	35 
354	12 
355	8 
356	20 
357	27 
358	35 
359	40 
360	16 
361	49 
362	40 
363	12 
364	26 
365	49 
366	8 
367	46 
368	48 
369	3 
370	12 
371	50 
372	41 
373	7 
374	6 
375	44 
376	3 
377	10 
378	8 
379	10 
380	26 
381	2 
382	50 
383	1 
384	49 
385	23 
386	36 
387	16 
388	28 
389	20 
390	13 
391	16 
392	41 
393	43 
394	33 
395	43 
396	20 
397	26 
398	9 
399	39 
400	38 
401	11 
402	47 
403	15 
404	2 
405	48 
406	4 
407	14 
408	45 
409	42 
410	7 
411	2 
412	38 
413	24 
414	22 
415	39 
416	34 
417	37 
418	50 
419	14 
420	25 
421	43 
422	44 
423	24 
424	46 
425	26 
426	35 
427	2 
428	42 
429	2 
430	15 
431	22 
432	4 
433	15 
434	12 
435	46 
436	23 
437	26 
438	6 
439	40 
440	2 
441	2 
442	46 
443	43 
444	27 
445	31 
446	33 
447	23 
448	6 
449	19 
450	49 
451	28 
452	25 
453	17 
454	10 
455	22 
456	24 
457	35 
458	26 
459	31 
460	24 
461	49 
462	3 
463	38 
464	9 
465	12 
466	22 
467	42 
468	11 
469	3 
470	41 
471	42 
472	50 
473	31 
474	7 
475	22 
476	23 
477	41 
478	39 
479	6 
480	5 
481	43 
482	18 
483	48 
484	8 
485	33 
486	50 
487	29 
488	46 
489	46 
490	34 
491	39 
492	48 
493	27 
494	12 
495	46 
496	26 
497	48 
498	47 
499	39 
500	36 
501	34 
502	40 
503	14 
504	39 
505	23 
506	15 
507	11 
508	17 
509	6 
510	41 
511	41 
512	18 
513	25 
514	41 
515	32 
516	30 
517	39 
518	12 
519	40 
520	42 
521	18 
522	38 
523	23 
524	20 
525	19 
526	25 
527	1 
528	9 
529	24 
530	30 
531	13 
532	14 
533	24 
534	40 
535	34 
536	49 
537	1 
538	16 
539	3 
540	50 
541	5 
542	15 
543	31 
544	49 
545	22 
546	12 
547	14 
548	50 
549	15 
550	11 
551	6 
552	32 
553	33 
554	3 
555	40 
556	13 
557	5 
558	4 
559	33 
560	41 
561	15 
562	27 
563	48 
564	13 
565	22 
566	21 
567	42 
568	23 
569	43 
570	12 
571	33 
572	33 
573	46 
574	48 
575	30 
576	20 
577	16 
578	40 
579	10 
580	17 
581	32 
582	33 
583	13 
584	23 
585	46 
586	16 
587	4 
588	47 
589	20 
590	18 
591	41 
592	3 
593	39 
594	13 
595	23 
596	36 
597	6 
598	29 
599	37 
600	45 
601	5 
602	39 
603	42 
604	5 
605	49 
606	17 
607	16 
608	10 
609	6 
610	31 
611	12 
612	36 
613	41 
614	47 
615	35 
616	50 
617	10 
618	37 
619	49 
620	48 
621	12 
622	42 
623	24 
624	45 
625	9 
626	4 
627	1 
628	20 
629	8 
630	16 
631	27 
632	18 
633	17 
634	9 
635	12 
636	3 
637	8 
638	35 
639	17 
640	49 
641	38 
642	11 
643	13 
644	8 
645	18 
646	28 
647	23 
648	27 
649	44 
650	29 
651	35 
652	19 
653	35 
654	46 
655	33 
656	37 
657	19 
658	4 
659	40 
660	3 
661	11 
662	40 
663	44 
664	7 
665	37 
666	7 
667	34 
668	13 
669	2 
670	45 
671	7 
672	9 
673	8 
674	29 
675	14 
676	33 
677	21 
678	16 
679	4 
680	6 
681	25 
682	6 
683	50 
684	16 
685	6 
686	18 
687	46 
688	47 
689	42 
690	33 
691	2 
692	13 
693	12 
694	33 
695	24 
696	19 
697	49 
698	43 
699	43 
700	42 
701	41 
702	32 
703	1 
704	21 
705	37 
706	38 
707	1 
708	43 
709	23 
710	3 
711	42 
712	13 
713	44 
714	35 
715	5 
716	44 
717	42 
718	36 
719	8 
720	47 
721	27 
722	23 
723	4 
724	50 
725	31 
726	33 
727	30 
728	48 
729	26 
730	30 
731	4 
732	14 
733	50 
734	13 
735	16 
736	17 
737	4 
738	13 
739	35 
740	47 
741	3 
742	12 
743	1 
744	30 
745	32 
746	31 
747	4 
748	8 
749	47 
750	30 
751	42 
752	48 
753	16 
754	9 
755	17 
756	43 
757	3 
758	7 
759	2 
760	28 
761	29 
762	47 
763	33 
764	46 
765	19 
766	32 
767	33 
768	6 
769	20 
770	3 
771	9 
772	39 
773	30 
774	48 
775	22 
776	37 
777	39 
778	26 
779	21 
780	14 
781	26 
782	4 
783	27 
784	2 
785	20 
786	14 
787	17 
788	14 
789	9 
790	6 
791	29 
792	27 
793	40 
794	5 
795	28 
796	44 
797	36 
798	5 
799	15 
800	29 
801	5 
802	35 
803	11 
804	35 
805	14 
806	42 
807	20 
808	12 
809	5 
810	22 
811	41 
812	48 
813	27 
814	34 
815	25 
816	3 
817	42 
818	30 
819	49 
820	17 
821	6 
822	35 
823	48 
824	31 
825	37 
826	48 
827	14 
828	46 
829	17 
830	22 
831	5 
832	1 
833	7 
834	50 
835	36 
836	25 
837	1 
838	20 
839	7 
840	23 
841	39 
842	35 
843	13 
844	5 
845	26 
846	11 
847	44 
848	29 
849	28 
850	4 
851	18 
852	4 
853	2 
854	14 
855	47 
856	38 
857	27 
858	19 
859	44 
860	18 
861	21 
862	5 
863	44 
864	21 
865	29 
866	18 
867	44 
868	4 
869	18 
870	28 
871	10 
872	13 
873	19 
874	14 
875	2 
876	15 
877	35 
878	3 
879	23 
880	48 
881	8 
882	4 
883	2 
884	8 
885	43 
886	9 
887	38 
888	30 
889	2 
890	2 
891	24 
892	39 
893	42 
894	1 
895	21 
896	29 
897	21 
898	20 
899	12 
900	29 
901	2 
902	46 
903	44 
904	40 
905	40 
906	27 
907	50 
908	10 
909	20 
910	40 
911	27 
912	19 
913	37 
914	20 
915	11 
916	17 
917	8 
918	11 
919	24 
920	17 
921	50 
922	22 
923	23 
924	48 
925	18 
926	7 
927	47 
928	9 
929	44 
930	21 
931	26 
932	20 
933	28 
934	45 
935	46 
936	20 
937	30 
938	34 
939	2 
940	37 
941	37 
942	40 
943	6 
944	41 
945	3 
946	37 
947	2 
948	1 
949	18 
950	27 
951	7 
952	4 
953	6 
954	26 
955	1 
956	1 
957	17 
958	31 
959	47 
960	27 
961	38 
962	32 
963	48 
964	2 
965	11 
966	42 
967	36 
968	45 
969	1 
970	38 
971	38 
972	27 
973	11 
974	5 
975	37 
976	44 
977	44 
978	37 
979	38 
980	16 
981	24 
982	11 
983	35 
984	34 
985	43 
986	28 
987	49 
988	24 
989	38 
990	11 
991	39 
992	25 
993	42 
994	32 
995	30 
996	1 
997	7 
998	18 
999	18 
1000	49 
1001	33 
1002	16 
1003	44 
1004	6 
1005	45 
1006	28 
1007	39 
1008	29 
1009	48 
1010	27 
1011	15 
1012	47 
1013	22 
1014	49 
1015	24 
1016	36 
1017	31 
1018	26 
1019	33 
1020	32 
1021	39 
1022	11 
1023	7 
1024	27 
1025	37 
1026	31 
1027	3 
1028	48 
1029	47 
1030	41 
1031	25 
1032	25 
1033	36 
1034	25 
1035	46 
1036	5 
1037	1 
1038	8 
1039	7 
1040	9 
1041	26 
1042	21 
1043	6 
1044	39 
1045	10 
1046	43 
1047	40 
1048	40 
1049	16 
1050	47 
1051	15 
1052	27 
1053	5 
1054	22 
1055	45 
1056	19 
1057	25 
1058	32 
1059	37 
1060	6 
1061	38 
1062	44 
1063	12 
1064	46 
1065	10 
1066	17 
1067	5 
1068	5 
1069	22 
1070	12 
1071	34 
1072	12 
1073	33 
1074	15 
1075	34 
1076	44 
1077	5 
1078	45 
1079	18 
1080	34 
1081	13 
1082	47 
1083	27 
1084	22 
1085	47 
1086	47 
1087	50 
1088	18 
1089	22 
1090	3 
1091	14 
1092	7 
1093	20 
1094	30 
1095	25 
1096	20 
1097	43 
1098	8 
1099	13 
1100	13 
1101	12 
1102	11 
1103	29 
1104	28 
1105	2 
1106	30 
1107	10 
1108	31 
1109	20 
1110	39 
1111	29 
1112	33 
1113	16 
1114	9 
1115	19 
1116	8 
1117	23 
1118	34 
1119	30 
1120	4 
1121	49 
1122	50 
1123	37 
1124	36 
1125	25 
1126	14 
1127	22 
1128	27 
1129	35 
1130	20 
1131	22 
1132	44 
1133	47 
1134	5 
1135	11 
1136	45 
1137	18 
1138	16 
1139	18 
1140	4 
1141	38 
1142	27 
1143	42 
1144	42 
1145	40 
1146	15 
1147	17 
1148	21 
1149	27 
1150	33 
1151	45 
1152	41 
1153	11 
1154	13 
1155	16 
1156	12 
1157	44 
1158	25 
1159	41 
1160	1 
1161	19 
1162	41 
1163	39 
1164	34 
1165	21 
1166	10 
1167	49 
1168	25 
1169	22 
1170	28 
1171	41 
1172	29 
1173	19 
1174	45 
1175	19 
1176	37 
1177	47 
1178	13 
1179	14 
1180	14 
1181	27 
1182	39 
1183	8 
1184	11 
1185	46 
1186	29 
1187	49 
1188	30 
1189	27 
1190	16 
1191	17 
1192	2 
1193	8 
1194	40 
1195	37 
1196	41 
1197	48 
1198	7 
1199	32 
1200	33 
1201	16 
1202	7 
1203	3 
1204	15 
1205	3 
1206	34 
1207	5 
1208	30 
1209	13 
1210	27 
1211	27 
1212	12 
1213	21 
1214	43 
1215	11 
1216	42 
1217	38 
1218	40 
1219	20 
1220	4 
1221	23 
1222	34 
1223	19 
1224	10 
1225	31 
1226	21 
1227	23 
1228	44 
1229	6 
1230	2 
1231	13 
1232	20 
1233	18 
1234	18 
1235	37 
1236	44 
1237	32 
1238	26 
1239	48 
1240	23 
1241	5 
1242	17 
1243	46 
1244	30 
1245	41 
1246	25 
1247	11 
1248	17 
1249	45 
1250	7 
1251	29 
1252	10 
1253	40 
1254	17 
1255	6 
1256	6 
1257	33 
1258	23 
1259	14 
1260	4 
1261	37 
1262	34 
1263	22 
1264	26 
1265	6 
1266	27 
1267	44 
1268	6 
1269	28 
1270	5 
1271	40 
1272	46 
1273	32 
1274	8 
1275	4 
1276	40 
1277	42 
1278	21 
1279	30 
1280	39 
1281	44 
1282	38 
1283	26 
1284	21 
1285	46 
1286	24 
1287	42 
1288	20 
1289	45 
1290	38 
1291	50 
1292	17 
1293	20 
1294	20 
1295	13 
1296	43 
1297	23 
1298	24 
1299	18 
1300	8 
1301	20 
1302	40 
1303	11 
1304	2 
1305	20 
1306	48 
1307	24 
1308	38 
1309	24 
1310	13 
1311	28 
1312	2 
1313	40 
1314	31 
1315	26 
1316	36 
1317	16 
1318	48 
1319	5 
1320	40 
1321	25 
1322	1 
1323	46 
1324	31 
1325	17 
1326	1 
1327	12 
1328	35 
1329	33 
1330	20 
1331	16 
1332	45 
1333	44 
1334	33 
1335	45 
1336	36 
1337	34 
1338	20 
1339	4 
1340	5 
1341	13 
1342	39 
1343	12 
1344	20 
1345	29 
1346	9 
1347	10 
1348	11 
1349	32 
1350	15 
1351	48 
1352	42 
1353	23 
1354	40 
1355	49 
1356	29 
1357	8 
1358	8 
1359	5 
1360	17 
1361	26 
1362	24 
1363	31 
1364	15 
1365	25 
1366	25 
1367	29 
1368	39 
1369	13 
1370	16 
1371	32 
1372	8 
1373	25 
1374	37 
1375	14 
1376	45 
1377	20 
1378	37 
1379	34 
1380	16 
1381	48 
1382	38 
1383	1 
1384	1 
1385	49 
1386	35 
1387	28 
1388	31 
1389	28 
1390	38 
1391	42 
1392	13 
1393	36 
1394	39 
1395	6 
1396	39 
1397	38 
1398	2 
1399	36 
1400	44 
1401	45 
1402	9 
1403	28 
1404	25 
1405	8 
1406	37 
1407	14 
1408	30 
1409	16 
1410	2 
1411	17 
1412	26 
1413	47 
1414	22 
1415	32 
1416	22 
1417	34 
1418	19 
1419	8 
1420	42 
1421	13 
1422	19 
1423	37 
1424	24 
1425	15 
1426	12 
1427	46 
1428	5 
1429	24 
1430	26 
1431	31 
1432	38 
1433	48 
1434	21 
1435	27 
1436	10 
1437	46 
1438	24 
1439	43 
1440	19 
1441	18 
1442	9 
1443	13 
1444	3 
1445	40 
1446	21 
1447	36 
1448	44 
1449	5 
1450	28 
1451	36 
1452	12 
1453	42 
1454	35 
1455	2 
1456	19 
1457	25 
1458	46 
1459	1 
1460	30 
1461	35 
1462	39 
1463	50 
1464	7 
1465	36 
1466	31 
1467	38 
1468	32 
1469	8 
1470	28 
1471	50 
1472	22 
1473	43 
1474	12 
1475	14 
1476	45 
1477	14 
1478	14 
1479	29 
1480	36 
1481	48 
1482	42 
1483	4 
1484	10 
1485	33 
1486	14 
1487	44 
1488	30 
1489	14 
1490	26 
1491	39 
1492	29 
1493	7 
1494	33 
1495	27 
1496	38 
1497	37 
1498	26 
1499	14 
1500	4 
1501	46 
1502	35 
1503	24 
1504	43 
1505	49 
1506	18 
1507	33 
1508	25 
1509	44 
1510	16 
1511	49 
1512	31 
1513	39 
1514	16 
1515	9 
1516	17 
1517	15 
1518	29 
1519	32 
1520	4 
1521	41 
1522	43 
1523	38 
1524	39 
1525	40 
1526	22 
1527	33 
1528	9 
1529	42 
1530	3 
1531	49 
1532	46 
1533	18 
1534	28 
1535	34 
1536	37 
1537	50 
1538	17 
1539	35 
1540	19 
1541	39 
1542	50 
1543	15 
1544	18 
1545	19 
1546	19 
1547	8 
1548	4 
1549	30 
1550	33 
1551	48 
1552	14 
1553	37 
1554	33 
1555	48 
1556	48 
1557	18 
1558	30 
1559	16 
1560	4 
1561	33 
1562	20 
1563	45 
1564	31 
1565	29 
1566	25 
1567	2 
1568	46 
1569	29 
1570	40 
1571	23 
1572	8 
1573	30 
1574	13 
1575	26 
1576	33 
1577	37 
1578	45 
1579	44 
1580	4 
1581	20 
1582	10 
1583	28 
1584	48 
1585	27 
1586	27 
1587	48 
1588	33 
1589	11 
1590	25 
1591	21 
1592	6 
1593	13 
1594	2 
1595	43 
1596	38 
1597	26 
1598	49 
1599	12 
1600	25 
1601	32 
1602	1 
1603	36 
1604	27 
1605	33 
1606	4 
1607	9 
1608	3 
1609	38 
1610	2 
1611	49 
1612	2 
1613	24 
1614	5 
1615	9 
1616	8 
1617	26 
1618	25 
1619	14 
1620	4 
1621	13 
1622	28 
1623	33 
1624	22 
1625	41 
1626	17 
1627	17 
1628	34 
1629	22 
1630	18 
1631	16 
1632	3 
1633	27 
1634	31 
1635	25 
1636	32 
1637	8 
1638	29 
1639	10 
1640	17 
1641	17 
1642	1 
1643	43 
1644	32 
1645	49 
1646	15 
1647	5 
1648	13 
1649	1 
1650	5 
1651	41 
1652	25 
1653	11 
1654	8 
1655	23 
1656	9 
1657	31 
1658	23 
1659	26 
1660	36 
1661	17 
1662	40 
1663	30 
1664	21 
1665	38 
1666	42 
1667	10 
1668	49 
1669	10 
1670	21 
1671	28 
1672	49 
1673	46 
1674	14 
1675	19 
1676	5 
1677	4 
1678	36 
1679	11 
1680	45 
1681	28 
1682	38 
1683	31 
1684	30 
1685	23 
1686	45 
1687	34 
1688	28 
1689	48 
1690	10 
1691	39 
1692	15 
1693	16 
1694	43 
1695	49 
1696	24 
1697	31 
1698	28 
1699	34 
1700	17 
1701	31 
1702	45 
1703	2 
1704	32 
1705	30 
1706	17 
1707	36 
1708	27 
1709	30 
1710	39 
1711	46 
1712	19 
1713	36 
1714	21 
1715	12 
1716	14 
1717	50 
1718	24 
1719	2 
1720	6 
1721	34 
1722	7 
1723	43 
1724	43 
1725	25 
1726	26 
1727	28 
1728	20 
1729	5 
1730	30 
1731	19 
1732	11 
1733	19 
1734	47 
1735	11 
1736	50 
1737	3 
1738	14 
1739	16 
1740	26 
1741	12 
1742	29 
1743	45 
1744	36 
1745	44 
1746	26 
1747	29 
1748	8 
1749	25 
1750	9 
1751	32 
1752	40 
1753	6 
1754	27 
1755	5 
1756	19 
1757	50 
1758	11 
1759	38 
1760	25 
1761	10 
1762	16 
1763	47 
1764	14 
1765	40 
1766	30 
1767	2 
1768	17 
1769	31 
1770	10 
1771	34 
1772	48 
1773	10 
1774	50 
1775	6 
1776	13 
1777	34 
1778	47 
1779	16 
1780	45 
1781	45 
1782	41 
1783	49 
1784	21 
1785	28 
1786	11 
1787	17 
1788	6 
1789	14 
1790	40 
1791	15 
1792	24 
1793	15 
1794	6 
1795	37 
1796	15 
1797	28 
1798	44 
1799	9 
1800	32 
1801	50 
1802	19 
1803	14 
1804	19 
1805	47 
1806	41 
1807	7 
1808	30 
1809	24 
1810	33 
1811	31 
1812	30 
1813	32 
1814	6 
1815	1 
1816	42 
1817	10 
1818	12 
1819	43 
1820	1 
1821	18 
1822	49 
1823	11 
1824	45 
1825	22 
1826	27 
1827	48 
1828	1 
1829	12 
1830	19 
1831	37 
1832	45 
1833	50 
1834	14 
1835	2 
1836	12 
1837	16 
1838	25 
1839	16 
1840	14 
1841	37 
1842	4 
1843	7 
1844	25 
1845	46 
1846	7 
1847	14 
1848	28 
1849	8 
1850	23 
1851	20 
1852	9 
1853	45 
1854	25 
1855	10 
1856	35 
1857	43 
1858	30 
1859	29 
1860	33 
1861	16 
1862	29 
1863	39 
1864	19 
1865	8 
1866	3 
1867	15 
1868	20 
1869	14 
1870	27 
1871	25 
1872	36 
1873	18 
1874	19 
1875	28 
1876	23 
1877	9 
1878	49 
1879	31 
1880	19 
1881	24 
1882	1 
1883	11 
1884	44 
1885	15 
1886	5 
1887	11 
1888	48 
1889	31 
1890	44 
1891	4 
1892	50 
1893	14 
1894	42 
1895	18 
1896	16 
1897	49 
1898	9 
1899	35 
1900	28 
1901	25 
1902	45 
1903	16 
1904	47 
1905	2 
1906	26 
1907	50 
1908	6 
1909	18 
1910	5 
1911	7 
1912	22 
1913	22 
1914	19 
1915	36 
1916	23 
1917	20 
1918	13 
1919	3 
1920	17 
1921	9 
1922	38 
1923	17 
1924	8 
1925	11 
1926	8 
1927	30 
1928	42 
1929	6 
1930	29 
1931	21 
1932	24 
1933	43 
1934	2 
1935	32 
1936	16 
1937	31 
1938	3 
1939	10 
1940	43 
1941	23 
1942	30 
1943	48 
1944	10 
1945	49 
1946	40 
1947	15 
1948	8 
1949	19 
1950	2 
1951	28 
1952	3 
1953	11 
1954	30 
1955	32 
1956	29 
1957	24 
1958	17 
1959	12 
1960	45 
1961	6 
1962	23 
1963	31 
1964	27 
1965	47 
1966	48 
1967	23 
1968	18 
1969	5 
1970	12 
1971	1 
1972	11 
1973	42 
1974	20 
1975	35 
1976	11 
1977	39 
1978	8 
1979	11 
1980	6 
1981	15 
1982	39 
1983	37 
1984	28 
1985	37 
1986	27 
1987	36 
1988	35 
1989	9 
1990	23 
1991	33 
1992	34 
1993	40 
1994	10 
1995	10 
1996	22 
1997	34 
1998	42 
1999	10 
2000	1 
2001	10 
2002	25 
2003	27 
2004	30 
2005	45 
2006	7 
2007	29 
2008	37 
2009	12 
2010	7 
2011	21 
2012	29 
2013	10 
2014	28 
2015	12 
2016	47 
2017	22 
2018	34 
2019	23 
2020	50 
2021	16 
2022	33 
2023	49 
2024	25 
2025	8 
2026	33 
2027	20 
2028	28 
2029	10 
2030	15 
2031	17 
2032	38 
2033	41 
2034	1 
2035	50 
2036	38 
2037	15 
2038	3 
2039	21 
2040	13 
2041	41 
2042	24 
2043	25 
2044	28 
2045	17 
2046	18 
2047	37 
2048	31 
2049	15 
2050	8 
2051	11 
2052	6 
2053	8 
2054	3 
2055	32 
2056	2 
2057	43 
2058	33 
2059	35 
2060	1 
2061	21 
2062	26 
2063	30 
2064	32 
2065	10 
2066	21 
2067	27 
2068	2 
2069	50 
2070	22 
2071	8 
2072	16 
2073	18 
2074	15 
2075	23 
2076	47 
2077	29 
2078	22 
2079	30 
2080	10 
2081	43 
2082	33 
2083	7 
2084	43 
2085	14 
2086	29 
2087	49 
2088	49 
2089	19 
2090	47 
2091	13 
2092	18 
2093	36 
2094	32 
2095	45 
2096	19 
2097	45 
2098	15 
2099	1 
2100	13 
2101	1 
2102	5 
2103	41 
2104	18 
2105	45 
2106	38 
2107	10 
2108	3 
2109	21 
2110	37 
2111	1 
2112	49 
2113	50 
2114	30 
2115	48 
2116	37 
2117	1 
2118	49 
2119	14 
2120	34 
2121	48 
2122	33 
2123	2 
2124	29 
2125	40 
2126	9 
2127	18 
2128	2 
2129	35 
2130	2 
2131	11 
2132	35 
2133	45 
2134	49 
2135	44 
2136	49 
2137	26 
2138	3 
2139	50 
2140	21 
2141	24 
2142	45 
2143	45 
2144	50 
2145	11 
2146	29 
2147	19 
2148	28 
2149	44 
2150	34 
2151	23 
2152	23 
2153	32 
2154	43 
2155	1 
2156	43 
2157	18 
2158	7 
2159	2 
2160	26 
2161	31 
2162	16 
2163	50 
2164	46 
2165	14 
2166	39 
2167	36 
2168	21 
2169	40 
2170	34 
2171	31 
2172	22 
2173	46 
2174	6 
2175	13 
2176	9 
2177	49 
2178	24 
2179	46 
2180	35 
2181	15 
2182	50 
2183	26 
2184	18 
2185	38 
2186	38 
2187	37 
2188	47 
2189	29 
2190	13 
2191	20 
2192	3 
2193	25 
2194	3 
2195	28 
2196	33 
2197	24 
2198	36 
2199	28 
2200	9 
2201	15 
2202	48 
2203	43 
2204	15 
2205	35 
2206	4 
2207	31 
2208	36 
2209	10 
2210	2 
2211	30 
2212	23 
2213	43 
2214	33 
2215	26 
2216	19 
2217	43 
2218	4 
2219	22 
2220	46 
2221	27 
2222	23 
2223	35 
2224	49 
2225	23 
2226	47 
2227	8 
2228	30 
2229	36 
2230	2 
2231	34 
2232	6 
2233	37 
2234	33 
2235	17 
2236	33 
2237	47 
2238	6 
2239	25 
2240	18 
2241	47 
2242	4 
2243	31 
2244	5 
2245	30 
2246	17 
2247	35 
2248	44 
2249	39 
2250	35 
2251	23 
2252	26 
2253	5 
2254	13 
2255	1 
2256	7 
2257	24 
2258	18 
2259	39 
2260	30 
2261	43 
2262	41 
2263	32 
2264	36 
2265	30 
2266	5 
2267	9 
2268	5 
2269	19 
2270	22 
2271	13 
2272	32 
2273	15 
2274	49 
2275	50 
2276	8 
2277	44 
2278	39 
2279	22 
2280	11 
2281	15 
2282	40 
2283	21 
2284	48 
2285	36 
2286	1 
2287	48 
2288	5 
2289	14 
2290	39 
2291	10 
2292	18 
2293	2 
2294	3 
2295	21 
2296	2 
2297	40 
2298	50 
2299	45 
2300	24 
2301	13 
2302	25 
2303	12 
2304	27 
2305	35 
2306	28 
2307	15 
2308	12 
2309	40 
2310	19 
2311	2 
2312	44 
2313	39 
2314	38 
2315	7 
2316	50 
2317	41 
2318	43 
2319	44 
2320	40 
2321	30 
2322	32 
2323	28 
2324	24 
2325	12 
2326	5 
2327	12 
2328	4 
2329	41 
2330	13 
2331	23 
2332	39 
2333	38 
2334	46 
2335	27 
2336	25 
2337	44 
2338	17 
2339	3 
2340	26 
2341	46 
2342	11 
2343	45 
2344	35 
2345	41 
2346	40 
2347	22 
2348	1 
2349	5 
2350	6 
2351	5 
2352	28 
2353	18 
2354	28 
2355	28 
2356	11 
2357	33 
2358	15 
2359	12 
2360	4 
2361	36 
2362	22 
2363	46 
2364	21 
2365	11 
2366	17 
2367	44 
2368	25 
2369	29 
2370	2 
2371	2 
2372	10 
2373	16 
2374	10 
2375	9 
2376	44 
2377	47 
2378	34 
2379	7 
2380	18 
2381	48 
2382	19 
2383	1 
2384	45 
2385	39 
2386	35 
2387	44 
2388	16 
2389	29 
2390	4 
2391	50 
2392	47 
2393	41 
2394	27 
2395	31 
2396	36 
2397	21 
2398	38 
2399	45 
2400	4 
2401	4 
2402	3 
2403	40 
2404	15 
2405	44 
2406	29 
2407	36 
2408	14 
2409	46 
2410	24 
2411	11 
2412	30 
2413	43 
2414	19 
2415	15 
2416	31 
2417	31 
2418	46 
2419	32 
2420	24 
2421	14 
2422	35 
2423	21 
2424	25 
2425	38 
2426	7 
2427	46 
2428	38 
2429	45 
2430	12 
2431	7 
2432	9 
2433	33 
2434	41 
2435	6 
2436	21 
2437	6 
2438	5 
2439	33 
2440	37 
2441	6 
2442	16 
2443	17 
2444	38 
2445	50 
2446	37 
2447	19 
2448	34 
2449	11 
2450	5 
2451	15 
2452	26 
2453	26 
2454	35 
2455	30 
2456	14 
2457	41 
2458	18 
2459	31 
2460	27 
2461	49 
2462	4 
2463	32 
2464	44 
2465	36 
2466	15 
2467	5 
2468	47 
2469	3 
2470	20 
2471	22 
2472	4 
2473	34 
2474	26 
2475	4 
2476	41 
2477	41 
2478	18 
2479	9 
2480	24 
2481	43 
2482	45 
2483	2 
2484	27 
2485	48 
2486	11 
2487	45 
2488	9 
2489	19 
2490	40 
2491	25 
2492	39 
2493	1 
2494	20 
2495	11 
2496	35 
2497	3 
2498	43 
2499	12 
2500	50 
2501	37 
2502	36 
2503	35 
2504	13 
2505	26 
2506	10 
2507	49 
2508	50 
2509	31 
2510	4 
2511	11 
2512	5 
2513	31 
2514	13 
2515	45 
2516	42 
2517	39 
2518	30 
2519	40 
2520	11 
2521	19 
2522	11 
2523	31 
2524	50 
2525	19 
2526	3 
2527	21 
2528	7 
2529	26 
2530	21 
2531	40 
2532	42 
2533	19 
2534	22 
2535	30 
2536	15 
2537	21 
2538	20 
2539	2 
2540	27 
2541	14 
2542	50 
2543	49 
2544	36 
2545	19 
2546	27 
2547	33 
2548	14 
2549	41 
2550	30 
2551	7 
2552	48 
2553	42 
2554	22 
2555	18 
2556	33 
2557	43 
2558	1 
2559	22 
2560	33 
2561	41 
2562	3 
2563	4 
2564	24 
2565	12 
2566	49 
2567	33 
2568	43 
2569	15 
2570	7 
2571	22 
2572	45 
2573	34 
2574	16 
2575	23 
2576	24 
2577	19 
2578	22 
2579	9 
2580	46 
2581	9 
2582	43 
2583	14 
2584	31 
2585	42 
2586	27 
2587	5 
2588	15 
2589	21 
2590	1 
2591	31 
2592	46 
2593	44 
2594	15 
2595	7 
2596	32 
2597	26 
2598	31 
2599	47 
2600	11 
2601	39 
2602	21 
2603	6 
2604	21 
2605	13 
2606	46 
2607	36 
2608	15 
2609	46 
2610	25 
2611	3 
2612	34 
2613	9 
2614	40 
2615	11 
2616	50 
2617	18 
2618	29 
2619	24 
2620	17 
2621	45 
2622	6 
2623	49 
2624	4 
2625	45 
2626	25 
2627	29 
2628	9 
2629	24 
2630	47 
2631	5 
2632	10 
2633	9 
2634	12 
2635	32 
2636	27 
2637	13 
2638	43 
2639	35 
2640	38 
2641	3 
2642	44 
2643	6 
2644	19 
2645	43 
2646	7 
2647	30 
2648	25 
2649	21 
2650	47 
2651	30 
2652	7 
2653	20 
2654	17 
2655	23 
2656	38 
2657	41 
2658	1 
2659	34 
2660	14 
2661	34 
2662	10 
2663	1 
2664	21 
2665	12 
2666	3 
2667	16 
2668	24 
2669	38 
2670	15 
2671	2 
2672	41 
2673	21 
2674	46 
2675	21 
2676	30 
2677	44 
2678	28 
2679	11 
2680	31 
2681	7 
2682	43 
2683	3 
2684	42 
2685	38 
2686	6 
2687	36 
2688	12 
2689	12 
2690	4 
2691	34 
2692	3 
2693	35 
2694	31 
2695	20 
2696	47 
2697	43 
2698	21 
2699	49 
2700	38 
2701	34 
2702	26 
2703	9 
2704	47 
2705	47 
2706	17 
2707	24 
2708	14 
2709	15 
2710	25 
2711	38 
2712	16 
2713	3 
2714	19 
2715	17 
2716	42 
2717	13 
2718	29 
2719	4 
2720	1 
2721	41 
2722	32 
2723	15 
2724	12 
2725	20 
2726	4 
2727	9 
2728	3 
2729	46 
2730	42 
2731	29 
2732	44 
2733	17 
2734	46 
2735	36 
2736	29 
2737	37 
2738	21 
2739	17 
2740	50 
2741	45 
2742	34 
2743	49 
2744	22 
2745	26 
2746	42 
2747	36 
2748	19 
2749	8 
2750	32 
2751	20 
2752	33 
2753	36 
2754	39 
2755	35 
2756	36 
2757	36 
2758	49 
2759	48 
2760	7 
2761	2 
2762	42 
2763	34 
2764	9 
2765	37 
2766	35 
2767	40 
2768	24 
2769	23 
2770	29 
2771	37 
2772	23 
2773	37 
2774	7 
2775	21 
2776	39 
2777	32 
2778	21 
2779	26 
2780	50 
2781	20 
2782	12 
2783	50 
2784	41 
2785	42 
2786	22 
2787	24 
2788	10 
2789	33 
2790	37 
2791	3 
2792	29 
2793	24 
2794	46 
2795	28 
2796	47 
2797	6 
2798	48 
2799	40 
2800	14 
2801	7 
2802	43 
2803	22 
2804	40 
2805	1 
2806	38 
2807	22 
2808	50 
2809	6 
2810	13 
2811	9 
2812	46 
2813	9 
2814	1 
2815	32 
2816	8 
2817	20 
2818	42 
2819	31 
2820	48 
2821	29 
2822	30 
2823	21 
2824	47 
2825	32 
2826	13 
2827	32 
2828	6 
2829	21 
2830	43 
2831	23 
2832	27 
2833	5 
2834	20 
2835	10 
2836	20 
2837	27 
2838	48 
2839	50 
2840	41 
2841	26 
2842	41 
2843	16 
2844	28 
2845	48 
2846	47 
2847	22 
2848	50 
2849	12 
2850	17 
2851	17 
2852	6 
2853	31 
2854	17 
2855	19 
2856	34 
2857	47 
2858	41 
2859	18 
2860	34 
2861	37 
2862	4 
2863	42 
2864	13 
2865	45 
2866	14 
2867	34 
2868	18 
2869	4 
2870	42 
2871	37 
2872	7 
2873	8 
2874	21 
2875	1 
2876	13 
2877	42 
2878	46 
2879	32 
2880	23 
2881	4 
2882	27 
2883	3 
2884	34 
2885	1 
2886	43 
2887	8 
2888	21 
2889	43 
2890	7 
2891	43 
2892	46 
2893	15 
2894	40 
2895	19 
2896	32 
2897	36 
2898	25 
2899	48 
2900	38 
2901	44 
2902	47 
2903	31 
2904	26 
2905	30 
2906	18 
2907	25 
2908	37 
2909	25 
2910	28 
2911	34 
2912	40 
2913	33 
2914	9 
2915	41 
2916	45 
2917	24 
2918	16 
2919	2 
2920	43 
2921	9 
2922	46 
2923	15 
2924	27 
2925	50 
2926	26 
2927	41 
2928	22 
2929	3 
2930	11 
2931	23 
2932	5 
2933	42 
2934	35 
2935	29 
2936	33 
2937	37 
2938	18 
2939	5 
2940	13 
2941	22 
2942	25 
2943	12 
2944	36 
2945	8 
2946	47 
2947	32 
2948	23 
2949	42 
2950	22 
2951	24 
2952	10 
2953	20 
2954	33 
2955	12 
2956	36 
2957	47 
2958	7 
2959	39 
2960	4 
2961	37 
2962	50 
2963	9 
2964	10 
2965	6 
2966	2 
2967	23 
2968	37 
2969	45 
2970	1 
2971	47 
2972	44 
2973	34 
2974	35 
2975	34 
2976	35 
2977	9 
2978	4 
2979	2 
2980	2 
2981	36 
2982	47 
2983	40 
2984	42 
2985	47 
2986	21 
2987	29 
2988	34 
2989	10 
2990	21 
2991	17 
2992	50 
2993	38 
2994	7 
2995	23 
2996	12 
2997	46 
2998	22 
2999	7 
3000	35 
3001	29 
3002	10 
3003	31 
3004	32 
3005	36 
3006	17 
3007	2 
3008	3 
3009	28 
3010	5 
3011	49 
3012	47 
3013	35 
3014	47 
3015	8 
3016	28 
3017	4 
3018	31 
3019	32 
3020	10 
3021	40 
3022	36 
3023	11 
3024	41 
3025	41 
3026	4 
3027	41 
3028	39 
3029	11 
3030	48 
3031	38 
3032	26 
3033	8 
3034	49 
3035	24 
3036	44 
3037	37 
3038	28 
3039	29 
3040	43 
3041	50 
3042	43 
3043	10 
3044	13 
3045	23 
3046	48 
3047	20 
3048	23 
3049	10 
3050	42 
3051	22 
3052	31 
3053	7 
3054	32 
3055	35 
3056	47 
3057	1 
3058	38 
3059	29 
3060	37 
3061	10 
3062	20 
3063	49 
3064	27 
3065	3 
3066	42 
3067	47 
3068	6 
3069	2 
3070	1 
3071	14 
3072	42 
3073	49 
3074	16 
3075	16 
3076	23 
3077	7 
3078	46 
3079	45 
3080	12 
3081	39 
3082	35 
3083	38 
3084	7 
3085	8 
3086	21 
3087	14 
3088	36 
3089	7 
3090	27 
3091	9 
3092	48 
3093	33 
3094	48 
3095	47 
3096	10 
3097	13 
3098	3 
3099	40 
3100	16 
3101	13 
3102	9 
3103	36 
3104	6 
3105	16 
3106	18 
3107	9 
3108	4 
3109	1 
3110	26 
3111	3 
3112	33 
3113	32 
3114	46 
3115	36 
3116	31 
3117	24 
3118	17 
3119	41 
3120	20 
3121	22 
3122	28 
3123	29 
3124	47 
3125	50 
3126	32 
3127	41 
3128	29 
3129	18 
3130	1 
3131	24 
3132	26 
3133	29 
3134	33 
3135	32 
3136	16 
3137	28 
3138	43 
3139	36 
3140	15 
3141	38 
3142	18 
3143	2 
3144	43 
3145	19 
3146	44 
3147	1 
3148	34 
3149	1 
3150	2 
3151	20 
3152	16 
3153	39 
3154	46 
3155	26 
3156	15 
3157	35 
3158	41 
3159	23 
3160	9 
3161	19 
3162	28 
3163	49 
3164	30 
3165	14 
3166	41 
3167	8 
3168	32 
3169	21 
3170	11 
3171	31 
3172	4 
3173	40 
3174	31 
3175	27 
3176	48 
3177	7 
3178	8 
3179	19 
3180	5 
3181	36 
3182	34 
